     52
ADM111-51
1 1 1 1 5 1 1 1 1 5 5 5 5 5
1 1 1 1 5 1 1 1 1 5 5 5 5 5
1 1 1 1 5 1 1 1 1 5 5 5 5 5
1 1 1 1 5 1 1 1 1 5 5 5 5 5
1 1 1 1 5 1 1 1 1 5 5 5 5 5
ASSEM, IBRAHIM
1 1 5 5 5 1 1 1 1 5 5 5 5 5
1 1 1 1 5 1 1 1 1 5 5 5 5 5
1 1 1 1 5 1 1 1 1 5 5 5 5 5
1 1 1 1 5 1 1 1 1 5 5 5 5 5
1 1 1 5 5 1 5 5 1 5 5 5 5 5
BEAUDRY, MARTIN
1 1 5 5 5 1 1 1 1 5 5 5 5 5
1 1 1 1 5 1 1 1 1 5 5 5 5 5
1 1 1 1 5 1 1 1 1 5 5 5 5 5
1 1 1 1 5 1 1 1 1 5 5 5 5 5
1 1 1 1 5 1 1 1 1 5 5 5 5 5
BELLEY, JEAN-MARC
1 1 5 5 5 1 1 1 1 5 5 5 5 5
1 1 1 1 5 1 1 1 1 5 5 5 5 5
1 1 1 1 5 1 1 1 1 5 5 5 5 5
1 1 1 1 5 1 1 1 1 5 5 5 5 5
1 1 1 5 5 1 5 5 1 5 5 5 5 5
BOULANGER, ALAIN
1 1 5 5 5 1 1 1 1 5 5 5 5 5
1 1 1 1 5 1 1 1 1 5 5 5 5 5
1 1 1 1 5 1 1 1 1 5 5 5 5 5
1 1 1 1 5 1 1 1 1 5 5 5 5 5
1 1 1 5 5 1 1 1 1 5 5 5 5 5
COLIN, BERNARD
1 1 5 5 5 1 1 1 1 5 5 5 5 5
1 1 1 1 5 1 1 1 1 5 5 5 5 5
1 1 1 1 5 1 1 1 1 5 5 5 5 5
1 1 1 1 5 1 1 1 1 5 5 5 5 5
1 1 1 5 5 1 1 1 1 5 5 5 5 5
DESCHENES, FRANCOIS
1 1 5 5 5 1 1 1 1 5 5 5 5 5
1 1 1 1 5 1 1 1 1 5 5 5 5 5
1 1 1 1 5 1 1 1 1 5 5 5 5 5
1 1 1 1 5 1 1 1 1 5 5 5 5 5
1 1 1 1 5 1 1 1 1 5 5 5 5 5
DUBEAU, FRANCOIS
1 1 5 5 5 1 1 1 1 5 5 5 5 5
1 1 1 1 5 1 1 1 1 5 5 5 5 5
1 1 1 1 5 1 1 1 1 5 5 5 5 5
1 1 1 1 5 1 1 1 1 5 5 5 5 5
1 1 1 5 5 1 5 5 1 5 5 5 5 5
DUSSAULT, JEAN-PIERRE
1 1 5 5 5 1 1 1 1 5 5 5 5 5
1 1 1 1 5 1 1 1 1 5 5 5 5 5
1 1 1 1 5 1 1 1 1 5 5 5 5 5
1 1 1 1 5 1 1 1 1 5 5 5 5 5
1 1 1 1 5 1 1 1 1 5 5 5 5 5
EGLI, RICHARD
1 1 5 5 5 1 1 1 1 5 5 5 5 5
1 1 1 1 5 1 1 1 1 5 5 5 5 5
1 1 1 1 5 1 1 1 1 5 5 5 5 5
1 1 1 1 5 1 1 1 1 5 5 5 5 5
1 1 1 1 5 1 1 1 1 5 5 5 5 5
GIRARD, GABRIEL
1 1 5 5 5 1 1 1 1 5 5 5 5 5
1 1 1 1 5 1 1 1 1 5 5 5 5 5
1 1 1 1 5 1 1 1 1 5 5 5 5 5
1 1 1 1 5 1 1 1 1 5 5 5 5 5
1 1 1 1 5 1 1 1 1 5 5 5 5 5
GIROUX, SYLVAIN
1 1 5 5 5 1 1 1 1 5 5 5 5 5
1 1 1 1 5 1 1 1 1 5 5 5 5 5
1 1 1 1 5 1 1 1 1 5 5 5 5 5
1 1 1 1 5 1 1 1 1 5 5 5 5 5
1 1 1 1 5 1 1 1 1 5 5 5 5 5
GOULET, JEAN
1 1 1 1 5 1 1 1 1 5 5 5 5 5
1 1 5 5 5 5 5 5 5 5 5 5 5 5
5 5 5 5 5 5 5 5 5 5 5 5 5 5
1 1 1 1 5 5 5 5 5 5 5 5 5 5
1 1 1 1 5 5 5 5 5 5 5 5 5 5
GRH111-51
1 1 1 1 5 1 1 1 1 5 5 5 5 5
1 1 1 1 5 1 1 1 1 5 5 5 5 5
1 1 1 1 5 1 1 1 1 5 5 5 5 5
1 1 1 1 5 1 1 1 1 5 5 5 5 5
1 1 1 1 5 1 1 1 1 5 5 5 5 5
HAGUEL, JACQUES
1 1 5 5 5 1 1 1 1 5 5 5 5 5
1 1 1 1 5 1 1 1 1 5 5 5 5 5
1 1 1 1 5 1 1 1 1 5 5 5 5 5
1 1 1 1 5 1 1 1 1 5 5 5 5 5
1 1 1 1 5 1 1 1 1 5 5 5 5 5
HOUDEVILLE, GERARD
1 1 5 5 5 1 1 1 1 5 5 5 5 5
1 1 1 1 5 1 1 1 1 5 5 5 5 5
1 1 1 1 5 1 1 1 1 5 5 5 5 5
1 1 1 1 5 1 1 1 1 5 5 5 5 5
1 1 1 1 5 1 1 1 1 5 5 5 5 5
IFT103
1 1 1 1 5 1 1 1 1 5 5 5 5 5
1 1 1 1 5 1 1 1 1 5 5 5 5 5
1 1 1 1 5 1 1 1 1 5 5 5 5 5
1 1 1 1 5 1 1 1 1 5 5 5 5 5
1 1 1 1 5 1 1 1 1 5 5 5 5 5
IFT156
1 1 1 1 5 1 1 1 1 5 5 5 5 5
1 1 1 1 5 1 1 1 1 5 5 5 5 5
1 1 1 1 5 1 1 1 1 5 5 5 5 5
1 1 1 1 5 1 1 1 1 5 5 5 5 5
1 1 1 1 5 1 1 1 1 5 5 5 5 5
IFT187
1 1 1 1 5 1 1 1 1 5 5 5 5 5
1 1 1 1 5 1 1 1 1 5 5 5 5 5
1 1 1 1 5 1 1 1 1 5 5 5 5 5
1 1 1 1 5 1 1 1 1 5 5 5 5 5
1 1 1 1 5 1 1 1 1 5 5 5 5 5
IFT319
1 1 1 1 5 1 1 1 1 5 5 5 5 5
1 1 1 1 5 1 1 1 1 5 5 5 5 5
1 1 1 1 5 1 1 1 1 5 5 5 5 5
1 1 1 1 5 1 1 1 1 5 5 5 5 5
1 1 1 1 5 1 1 1 1 5 5 5 5 5
IFT410
1 1 1 1 5 1 1 1 1 5 5 5 5 5
1 1 1 1 5 1 1 1 1 5 5 5 5 5
1 1 1 1 5 1 1 1 1 5 5 5 5 5
1 1 1 1 5 1 1 1 1 5 5 5 5 5
1 1 1 1 5 1 1 1 1 5 5 5 5 5
IFT448
1 1 1 1 5 1 1 1 1 5 5 5 5 5
1 1 1 1 5 1 1 1 1 5 5 5 5 5
1 1 1 1 5 1 1 1 1 5 5 5 5 5
1 1 1 1 5 1 1 1 1 5 5 5 5 5
1 1 1 1 5 1 1 1 1 5 5 5 5 5
IFT515
1 1 1 1 5 1 1 1 1 5 5 5 5 5
1 1 1 1 5 1 1 1 1 5 5 5 5 5
1 1 1 1 5 1 1 1 1 5 5 5 5 5
1 1 1 1 5 1 1 1 1 5 5 5 5 5
1 1 1 1 5 1 1 1 1 5 5 5 5 5
IFT585
1 1 1 1 5 1 1 1 1 5 5 5 5 5
1 1 1 1 5 1 1 1 1 5 5 5 5 5
5 5 5 5 5 5 5 5 5 5 5 5 5 5
5 5 5 5 5 5 5 5 5 5 5 5 5 5
5 5 5 5 5 5 5 5 5 5 5 5 5 5
IFT592
1 1 1 1 5 1 1 1 1 5 5 5 5 5
1 1 1 1 5 1 1 1 1 5 5 5 5 5
1 1 1 1 5 1 1 1 1 5 5 5 5 5
1 1 1 1 5 1 1 1 1 5 5 5 5 5
1 1 1 1 5 1 1 1 1 1 1 1 1 1
IFT614
1 1 1 1 5 1 1 1 1 5 5 5 5 5
1 1 1 1 5 1 1 1 1 5 5 5 5 5
1 1 1 1 5 1 1 1 1 5 5 5 5 5
1 1 1 1 5 1 1 1 1 5 5 5 5 5
1 1 1 1 5 1 1 1 1 5 5 5 5 5
IFT619
1 1 1 1 5 1 1 1 1 5 5 5 5 5
1 1 1 1 5 1 1 1 1 5 5 5 5 5
1 1 1 1 5 1 1 1 1 5 5 5 5 5
1 1 1 1 5 1 1 1 1 5 5 5 5 5
1 1 1 1 5 1 1 1 1 5 5 5 5 5
IFT631
1 1 1 1 5 1 1 1 1 5 5 5 5 5
1 1 1 1 5 1 1 1 1 5 5 5 5 5
1 1 1 1 5 1 1 1 1 5 5 5 5 5
1 1 1 1 5 1 1 1 1 5 5 5 5 5
1 1 1 1 5 1 1 1 1 5 5 5 5 5
IFT658
1 1 1 1 5 1 1 1 1 5 5 5 5 5
1 1 1 1 5 1 1 1 1 5 5 5 5 5
1 1 1 1 5 1 1 1 1 5 5 5 5 5
1 1 1 1 5 1 1 1 1 5 5 5 5 5
1 1 1 1 5 1 1 1 1 5 5 5 5 5
INS144-51
1 1 1 1 5 1 1 1 1 5 5 5 5 5
1 1 1 1 5 1 1 1 1 5 5 5 5 5
1 1 1 1 5 1 1 1 1 5 5 5 5 5
1 1 1 1 5 1 1 1 1 5 5 5 5 5
1 1 1 1 5 1 1 1 1 5 5 5 5 5
KACZYNSKI, TOMASZ
1 1 5 5 5 1 1 1 1 5 5 5 5 5
1 1 1 1 5 1 1 1 1 5 5 5 5 5
1 1 1 1 5 1 1 1 1 5 5 5 5 5
1 1 1 1 5 1 1 1 1 5 5 5 5 5
1 1 1 5 5 1 5 5 1 5 5 5 5 5
LACELLE, SERGE
1 1 1 1 5 1 1 1 1 5 5 5 5 5
1 1 1 1 5 1 1 1 1 5 5 5 5 5
1 1 1 1 5 1 1 1 1 5 5 5 5 5
1 1 1 1 5 1 1 1 1 5 5 5 5 5
1 1 1 1 5 1 1 1 1 5 5 5 5 5
LIU, SHIPING
1 1 5 5 5 1 1 1 1 5 5 5 5 5
1 1 1 1 5 1 1 1 1 5 5 5 5 5
1 1 1 1 5 1 1 1 1 5 5 5 5 5
1 1 1 1 5 1 1 1 1 5 5 5 5 5
1 1 1 5 5 1 1 1 1 5 5 5 5 5
MAT099
1 1 1 1 5 1 1 1 1 5 5 5 5 5
1 1 1 1 5 1 1 1 1 5 5 5 5 5
1 1 1 1 5 1 1 1 1 5 5 5 5 5
1 1 1 1 5 1 1 1 1 5 5 5 5 5
1 1 1 5 5 1 1 1 1 5 5 5 5 5
MAT113
1 1 1 1 5 1 1 1 1 5 5 5 5 5
1 1 1 1 5 1 1 1 1 5 5 5 5 5
1 1 1 1 5 1 1 1 1 5 5 5 5 5
1 1 1 1 5 1 1 1 1 5 5 5 5 5
1 1 1 5 5 1 1 1 1 5 5 5 5 5
MAT125
1 1 1 1 5 1 1 1 1 5 5 5 5 5
1 1 1 1 5 1 1 1 1 5 5 5 5 5
1 1 1 1 5 1 1 1 1 5 5 5 5 5
1 1 1 1 5 1 1 1 1 5 5 5 5 5
1 1 1 5 5 1 1 1 1 5 5 5 5 5
MAT182
1 1 1 1 5 1 1 1 1 5 5 5 5 5
1 1 1 1 5 1 1 1 1 5 5 5 5 5
1 1 1 1 5 1 1 1 1 5 5 5 5 5
1 1 1 1 5 1 1 1 1 5 5 5 5 5
1 1 1 5 5 1 1 1 1 5 5 5 5 5
MAT193
1 1 1 1 5 1 1 1 1 5 5 5 5 5
1 1 1 1 5 1 1 1 1 5 5 5 5 5
1 1 1 1 5 1 1 1 1 5 5 5 5 5
1 1 1 1 5 1 1 1 1 5 5 5 5 5
1 1 1 1 5 1 1 1 1 5 5 5 5 5
MAT235
1 1 1 1 5 1 1 1 1 5 5 5 5 5
1 1 1 1 5 1 1 1 1 5 5 5 5 5
1 1 1 1 5 1 1 1 1 5 5 5 5 5
1 1 1 1 5 1 1 1 1 5 5 5 5 5
1 1 1 5 5 1 1 1 1 5 5 5 5 5
MAT402
1 1 1 1 5 1 1 1 1 5 5 5 5 5
1 1 1 1 5 1 1 1 1 5 5 5 5 5
1 1 1 1 5 1 1 1 1 5 5 5 5 5
1 1 1 1 5 1 1 1 1 5 5 5 5 5
1 1 1 5 5 1 1 1 1 5 5 5 5 5
MAT525
1 1 1 1 5 1 1 1 1 5 5 5 5 5
1 1 1 1 5 1 1 1 1 5 5 5 5 5
1 1 1 1 5 1 1 1 1 5 5 5 5 5
1 1 1 1 5 1 1 1 1 5 5 5 5 5
1 1 1 1 5 1 1 1 1 5 5 5 5 5
MAYERS, ANDRE
1 1 5 5 5 1 1 1 1 5 5 5 5 5
1 1 1 1 5 1 1 1 1 5 5 5 5 5
1 1 1 1 5 1 1 1 1 5 5 5 5 5
1 1 1 1 5 1 1 1 1 5 5 5 5 5
1 1 1 1 5 1 1 1 1 5 5 5 5 5
MONGA, ERNEST
1 1 1 1 1 1 1 1 1 1 1 1 1 1
1 1 1 1 1 1 1 1 1 1 1 1 1 1
1 1 1 1 1 1 1 1 1 1 1 1 1 1
1 1 1 1 1 1 1 1 1 1 1 1 1 1
1 1 1 1 1 1 1 1 1 1 1 1 1 1
MONGA, ERNEST
1 1 5 5 5 1 1 1 1 5 5 5 5 5
1 1 1 1 5 1 1 1 1 5 5 5 5 5
1 1 1 1 5 1 1 1 1 5 5 5 5 5
1 1 1 1 5 1 1 1 1 5 5 5 5 5
1 1 1 5 5 1 1 1 1 5 5 5 5 5
MORALES, PEDRO
1 1 5 5 5 1 1 1 1 5 5 5 5 5
1 1 1 1 5 1 1 1 1 5 5 5 5 5
1 1 1 1 5 1 1 1 1 5 5 5 5 5
1 1 1 1 5 1 1 1 1 5 5 5 5 5
1 1 1 5 5 1 1 1 1 5 5 5 5 5
ROP641
1 1 1 1 5 1 1 1 1 5 5 5 5 5
1 1 1 1 5 1 1 1 1 5 5 5 5 5
1 1 1 1 5 1 1 1 1 5 5 5 5 5
1 1 1 1 5 1 1 1 1 5 5 5 5 5
1 1 1 5 5 1 1 1 1 5 5 5 5 5
ST-DENIS, RICHARD
1 1 5 5 5 1 1 5 5 5 5 5 5 5
1 1 1 1 5 1 1 5 5 5 5 5 5 5
1 1 1 1 5 1 1 5 5 5 5 5 5 5
1 1 1 1 5 1 1 5 5 5 5 5 5 5
1 1 1 1 5 1 1 5 5 5 5 5 5 5
STT189
1 1 1 1 5 1 1 1 1 5 5 5 5 5
1 1 1 1 5 1 1 1 1 5 5 5 5 5
1 1 1 1 5 1 1 1 1 5 5 5 5 5
1 1 1 1 5 1 1 1 1 5 5 5 5 5
1 1 1 5 5 1 1 1 1 5 5 5 5 5
STT520
1 1 1 1 5 1 1 1 1 5 5 5 5 5
1 1 1 1 5 1 1 1 1 5 5 5 5 5
1 1 1 1 5 1 1 1 1 5 5 5 5 5
1 1 1 1 5 1 1 1 1 5 5 5 5 5
1 1 1 1 5 1 1 1 1 5 5 5 5 5
VEILLEUX, LINE
1 1 1 1 5 1 1 1 1 5 5 5 5 5
1 1 1 1 5 1 1 1 1 5 5 5 5 5
1 1 1 1 5 1 1 1 1 5 5 5 5 5
1 1 1 1 5 1 1 1 1 5 5 5 5 5
1 1 1 1 5 1 1 1 1 5 5 5 5 5
ZEROUAL, KACEM
1 1 5 5 5 1 1 1 1 5 5 5 5 5
1 1 1 1 5 1 1 1 1 5 5 5 5 5
1 1 1 1 5 1 1 1 1 5 5 5 5 5
1 1 1 1 5 1 1 1 1 5 5 5 5 5
1 1 1 1 5 1 1 1 1 5 5 5 5 5
ZIOU, DJEMEL
1 1 5 5 5 1 1 1 1 5 5 5 5 5
1 1 1 1 5 1 1 1 1 5 5 5 5 5
1 1 1 1 5 1 1 1 1 5 5 5 5 5
1 1 1 1 5 1 1 1 1 5 5 5 5 5
1 1 1 1 5 1 1 1 1 5 5 5 5 5
