     36
BELLEY, JEAN-MARC
1 1 5 5 5 1 1 1 1 5 5 5 5 5
1 1 1 1 5 1 1 1 1 5 5 5 5 5
1 1 1 1 5 1 1 1 1 5 5 5 5 5
1 1 1 1 5 1 1 1 1 5 5 5 5 5
1 1 1 1 5 1 1 1 1 5 5 5 5 5
BELLEY, JEAN-MARC
1 1 5 5 5 1 1 1 1 5 5 5 5 5
1 1 1 1 5 1 1 1 1 5 5 5 5 5
1 1 1 1 5 1 1 1 1 5 5 5 5 5
1 1 1 1 5 1 1 1 1 5 5 5 5 5
1 1 1 5 5 1 5 5 1 5 5 5 5 5
DESROSIERS, JEAN-FRANÇOIS
1 1 1 1 5 1 1 1 1 5 5 5 5 5
1 1 1 1 5 1 1 1 1 5 5 5 5 5
1 1 1 1 5 1 1 1 1 5 5 5 5 5
1 1 1 1 5 1 1 1 1 5 5 5 5 5
1 1 1 1 5 1 1 1 1 5 5 5 5 5
DUBEAU, FRANÇOIS
1 1 5 5 5 1 1 1 1 5 5 5 5 5
1 1 1 1 5 1 1 1 1 5 5 5 5 5
1 1 1 1 5 1 1 1 1 5 5 5 5 5
1 1 1 1 5 1 1 1 1 5 5 5 5 5
1 1 1 1 5 1 1 1 1 5 5 5 5 5
ELBEKKALI, ABDELHAQ
1 1 1 1 5 1 1 1 1 5 5 5 5 5
1 1 1 1 5 1 1 1 1 5 5 5 5 5
1 1 1 1 5 1 1 1 1 5 5 5 5 5
1 1 1 1 5 1 1 1 1 5 5 5 5 5
1 1 1 1 5 1 1 1 1 5 5 5 5 5
IFT249
1 1 1 1 5 1 1 1 1 5 5 5 5 5
1 1 1 1 5 1 1 1 1 5 5 5 5 5
1 1 1 1 5 1 1 1 1 5 5 5 5 5
1 1 1 1 5 1 1 1 1 5 5 5 5 5
1 1 1 1 5 1 1 1 1 5 5 5 5 5
IFT287
1 1 1 1 5 1 1 1 1 5 5 5 5 5
1 1 1 1 5 1 1 1 1 5 5 5 5 5
1 1 1 1 5 1 1 1 1 5 5 5 5 5
1 1 1 1 5 1 1 1 1 5 5 5 5 5
1 1 1 1 5 1 1 1 1 5 5 5 5 5
IFT304
1 1 1 1 5 1 1 1 1 5 5 5 5 5
1 1 1 1 5 1 1 1 1 5 5 5 5 5
1 1 1 1 5 1 1 1 1 5 5 5 5 5
1 1 1 1 5 1 1 1 1 5 5 5 5 5
1 1 1 1 5 1 1 1 1 5 5 5 5 5
IFT324
1 1 1 1 5 1 1 1 1 5 5 5 5 5
1 1 1 1 5 1 1 1 1 5 5 5 5 5
1 1 1 1 5 1 1 1 1 5 5 5 5 5
1 1 1 1 5 1 1 1 1 5 5 5 5 5
1 1 1 1 5 1 1 1 1 5 5 5 5 5
IFT339
1 1 1 1 5 1 1 1 1 5 5 5 5 5
1 1 1 1 5 1 1 1 1 5 5 5 5 5
1 1 1 1 5 1 1 1 1 5 5 5 5 5
1 1 1 1 5 1 1 1 1 5 5 5 5 5
1 1 1 1 5 1 1 1 1 5 5 5 5 5
IFT428
1 1 1 1 5 1 1 1 1 5 5 5 5 5
1 1 1 1 5 1 1 1 1 5 5 5 5 5
1 1 1 1 5 1 1 1 1 5 5 5 5 5
1 1 1 1 5 1 1 1 1 5 5 5 5 5
1 1 1 1 5 1 1 1 1 5 5 5 5 5
IFT438
1 1 1 1 5 1 1 1 1 5 5 5 5 5
1 1 1 1 5 1 1 1 1 5 5 5 5 5
1 1 1 1 5 1 1 1 1 5 5 5 5 5
1 1 1 1 5 1 1 1 1 5 5 5 5 5
1 1 1 1 5 1 1 1 1 5 5 5 5 5
IFT451
1 1 1 1 5 1 1 1 1 5 5 5 5 5
1 1 1 1 5 1 1 1 1 5 5 5 5 5
1 1 1 1 5 1 1 1 1 5 5 5 5 5
1 1 1 1 5 1 1 1 1 5 5 5 5 5
1 1 1 1 5 1 1 1 1 5 5 5 5 5
IFT459
1 1 1 1 5 1 1 1 1 5 5 5 5 5
1 1 1 1 5 1 1 1 1 5 5 5 5 5
1 1 1 1 5 1 1 1 1 5 5 5 5 5
1 1 1 1 5 1 1 1 1 5 5 5 5 5
1 1 1 1 5 1 1 1 1 5 5 5 5 5
IFT460
1 1 1 1 5 1 1 1 1 5 5 5 5 5
1 1 1 1 5 1 1 1 1 5 5 5 5 5
1 1 1 1 5 1 1 1 1 5 5 5 5 5
1 1 1 1 5 1 1 1 1 5 5 5 5 5
1 1 1 1 5 1 1 1 1 5 5 5 5 5
IFT487
1 1 1 1 5 1 1 1 1 5 5 5 5 5
1 1 1 1 5 1 1 1 1 5 5 5 5 5
1 1 1 1 5 1 1 1 1 5 5 5 5 5
1 1 1 1 5 1 1 1 1 5 5 5 5 5
1 1 1 1 5 1 1 1 1 5 5 5 5 5
IMN428
1 1 1 1 5 1 1 1 1 5 5 5 5 5
1 1 1 1 5 1 1 1 1 5 5 5 5 5
1 1 1 1 5 1 1 1 1 5 5 5 5 5
1 1 1 1 5 1 1 1 1 5 5 5 5 5
1 1 1 1 5 1 1 1 1 5 5 5 5 5
LAVOIE, LUC
1 1 5 5 5 1 1 1 1 5 5 5 5 5
1 1 1 1 5 1 1 1 1 5 5 5 5 5
1 1 1 1 5 1 1 1 1 5 5 5 5 5
1 1 1 1 5 1 1 1 1 5 5 5 5 5
1 1 1 1 5 1 1 1 1 5 5 5 5 5
MARCHAND, ÉRIC
1 1 5 5 5 1 1 1 1 5 5 5 5 5
1 1 1 1 5 1 1 1 1 5 5 5 5 5
1 1 1 1 5 1 1 1 1 5 5 5 5 5
1 1 1 1 5 1 1 1 1 5 5 5 5 5
1 1 1 1 5 1 1 1 1 5 5 5 5 5
MARCHARD, ÉRIC
1 1 1 1 5 1 1 1 1 5 5 5 5 5
1 1 1 1 5 1 1 1 1 5 5 5 5 5
1 1 1 1 5 1 1 1 1 5 5 5 5 5
1 1 1 1 5 1 1 1 1 5 5 5 5 5
1 1 1 1 5 1 1 1 1 5 5 5 5 5
MAT182
1 1 1 1 5 1 1 1 1 5 5 5 5 5
1 1 1 1 5 1 1 1 1 5 5 5 5 5
1 1 1 1 5 1 1 1 1 5 5 5 5 5
1 1 1 1 5 1 1 1 1 5 5 5 5 5
1 1 1 1 5 1 1 1 1 5 5 5 5 5
MAT182
1 1 1 1 5 1 1 1 1 5 5 5 5 5
1 1 1 1 5 1 1 1 1 5 5 5 5 5
1 1 1 1 5 1 1 1 1 5 5 5 5 5
1 1 1 1 5 1 1 1 1 5 5 5 5 5
1 1 1 1 5 1 1 1 1 5 5 5 5 5
MAT235
1 1 1 1 5 1 1 1 1 5 5 5 5 5
1 1 1 1 5 1 1 1 1 5 5 5 5 5
1 1 1 1 5 1 1 1 1 5 5 5 5 5
1 1 1 1 5 1 1 1 1 5 5 5 5 5
1 1 1 1 5 1 1 1 1 5 5 5 5 5
MAT417
1 1 1 1 5 1 1 1 1 5 5 5 5 5
1 1 1 1 5 1 1 1 1 5 5 5 5 5
1 1 1 1 5 1 1 1 1 5 5 5 5 5
1 1 1 1 5 1 1 1 1 5 5 5 5 5
1 1 1 1 5 1 1 1 1 5 5 5 5 5
MAT417
1 1 1 1 5 1 1 1 1 5 5 5 5 5
1 1 1 1 5 1 1 1 1 5 5 5 5 5
1 1 1 1 5 1 1 1 1 5 5 5 5 5
1 1 1 1 5 1 1 1 1 5 5 5 5 5
1 1 1 1 5 1 1 1 1 5 5 5 5 5
MORALES, PEDRO
1 1 5 5 5 1 1 1 1 5 5 5 5 5
1 1 1 1 5 1 1 1 1 5 5 5 5 5
1 1 1 1 5 1 1 1 1 5 5 5 5 5
1 1 1 1 5 1 1 1 1 5 5 5 5 5
1 1 1 1 5 1 1 1 1 5 5 5 5 5
MORALES, PEDRO
1 1 5 5 5 1 1 1 1 5 5 5 5 5
1 1 1 1 5 1 1 1 1 5 5 5 5 5
1 1 1 1 5 1 1 1 1 5 5 5 5 5
1 1 1 1 5 1 1 1 1 5 5 5 5 5
1 1 1 5 5 1 1 1 1 5 5 5 5 5
PRÉFONTAINE, JACQUES
1 1 1 1 5 1 1 1 1 5 5 5 5 5
1 1 1 1 5 1 1 1 1 5 5 5 5 5
1 1 1 1 5 1 1 1 1 5 5 5 5 5
1 1 1 1 5 1 1 1 1 5 5 5 5 5
1 1 1 1 5 1 1 1 1 5 5 5 5 5
ROP530
1 1 1 1 5 1 1 1 1 5 5 5 5 5
1 1 1 1 5 1 1 1 1 5 5 5 5 5
1 1 1 1 5 1 1 1 1 5 5 5 5 5
1 1 1 1 5 1 1 1 1 5 5 5 5 5
1 1 1 1 5 1 1 1 1 5 5 5 5 5
ROP530
1 1 1 1 5 1 1 1 1 5 5 5 5 5
1 1 1 1 5 1 1 1 1 5 5 5 5 5
1 1 1 1 5 1 1 1 1 5 5 5 5 5
1 1 1 1 5 1 1 1 1 5 5 5 5 5
1 1 1 1 5 1 1 1 1 5 5 5 5 5
ST-DENIS, RICHARD
1 1 5 5 5 1 1 1 1 5 5 5 5 5
1 1 1 1 5 1 1 1 1 5 5 5 5 5
1 1 1 1 5 1 1 1 1 5 5 5 5 5
1 1 1 1 5 1 1 1 1 5 5 5 5 5
1 1 1 1 5 1 1 1 1 5 5 5 5 5
STT389
1 1 1 1 5 1 1 1 1 5 5 5 5 5
1 1 1 1 5 1 1 1 1 5 5 5 5 5
1 1 1 1 5 1 1 1 1 5 5 5 5 5
1 1 1 1 5 1 1 1 1 5 5 5 5 5
1 1 1 1 5 1 1 1 1 5 5 5 5 5
STT389
1 1 1 1 5 1 1 1 1 5 5 5 5 5
1 1 1 1 5 1 1 1 1 5 5 5 5 5
1 1 1 1 5 1 1 1 1 5 5 5 5 5
1 1 1 1 5 1 1 1 1 5 5 5 5 5
1 1 1 1 5 1 1 1 1 5 5 5 5 5
STT418
1 1 1 1 5 1 1 1 1 5 5 5 5 5
1 1 1 1 5 1 1 1 1 5 5 5 5 5
1 1 1 1 5 1 1 1 1 5 5 5 5 5
1 1 1 1 5 1 1 1 1 5 5 5 5 5
1 1 1 1 5 1 1 1 1 5 5 5 5 5
STT418
1 1 1 1 5 1 1 1 1 5 5 5 5 5
1 1 1 1 5 1 1 1 1 5 5 5 5 5
1 1 1 1 5 1 1 1 1 5 5 5 5 5
1 1 1 1 5 1 1 1 1 5 5 5 5 5
1 1 1 1 5 1 1 1 1 5 5 5 5 5
VIERSTRAETE, VALÉRIE
1 1 1 1 5 1 1 1 1 5 5 5 5 5
1 1 1 1 5 1 1 1 1 5 5 5 5 5
1 1 1 1 5 1 1 1 1 5 5 5 5 5
1 1 1 1 5 1 1 1 1 5 5 5 5 5
1 1 1 1 5 1 1 1 1 5 5 5 5 5
