     45
ADM111-51
1 1 1 1 5 1 1 1 1 5 5 5 5 5
1 1 1 1 5 1 1 1 1 5 5 5 5 5
1 1 1 1 5 1 1 1 1 5 5 5 5 5
1 1 1 1 5 1 1 1 1 5 5 5 5 5
1 1 1 1 5 1 1 1 1 5 5 5 5 5
ASSEM, IBRAHIM
1 1 5 5 5 1 1 1 1 5 5 5 5 5
1 1 1 1 5 1 1 1 1 5 5 5 5 5
1 1 1 1 5 1 1 1 1 5 5 5 5 5
1 1 1 1 5 1 1 1 1 5 5 5 5 5
1 1 1 5 5 1 5 5 1 5 5 5 5 5
BELLEY, JEAN-MARC
1 1 5 5 5 1 1 1 1 5 5 5 5 5
1 1 1 1 5 1 1 1 1 5 5 5 5 5
1 1 1 1 5 1 1 1 1 5 5 5 5 5
1 1 1 1 5 1 1 1 1 5 5 5 5 5
1 1 1 5 5 1 5 5 1 5 5 5 5 5
BOULANGER, ALAIN
1 1 5 5 5 1 1 1 1 5 5 5 5 5
1 1 1 1 5 1 1 1 1 5 5 5 5 5
1 1 1 1 5 1 1 1 1 5 5 5 5 5
1 1 1 1 5 1 1 1 1 5 5 5 5 5
1 1 1 5 5 1 1 1 1 5 5 5 5 5
COLIN, BERNARD
1 1 5 5 5 1 1 1 1 5 5 5 5 5
1 1 1 1 5 1 1 1 1 5 5 5 5 5
1 1 1 1 5 1 1 1 1 5 5 5 5 5
1 1 1 1 5 1 1 1 1 5 5 5 5 5
1 1 1 5 5 1 1 1 1 5 5 5 5 5
DESCHENES, FRANCOIS
1 1 5 5 5 1 1 1 1 5 5 5 5 5
1 1 1 1 5 1 1 1 1 5 5 5 5 5
1 1 1 1 5 1 1 1 1 5 5 5 5 5
1 1 1 1 5 1 1 1 1 5 5 5 5 5
1 1 1 1 5 1 1 1 1 5 5 5 5 5
DION, JEAN-GUY
1 1 5 5 5 1 1 1 1 5 5 5 5 5
1 1 1 1 5 1 1 1 1 5 5 5 5 5
1 1 1 1 5 1 1 1 1 5 5 5 5 5
1 1 1 1 5 1 1 1 1 5 5 5 5 5
1 1 1 1 5 1 1 1 1 5 5 5 5 5
DUBEAU, FRANCOIS
1 1 5 5 5 1 1 1 1 5 5 5 5 5
1 1 1 1 5 1 1 1 1 5 5 5 5 5
1 1 1 1 5 1 1 1 1 5 5 5 5 5
1 1 1 1 5 1 1 1 1 5 5 5 5 5
1 1 1 5 5 1 5 5 1 5 5 5 5 5
DUSSAULT, JEAN-PIERRE
1 1 5 5 5 1 1 1 1 5 5 5 5 5
1 1 1 1 5 1 1 1 1 5 5 5 5 5
1 1 1 1 5 1 1 1 1 5 5 5 5 5
1 1 1 1 5 1 1 1 1 5 5 5 5 5
1 1 1 1 5 1 1 1 1 5 5 5 5 5
ELBEKKALI, ABDELHAQ
1 1 1 1 5 1 1 1 1 5 5 5 5 5
1 1 1 1 5 1 1 1 1 5 5 5 5 5
1 1 1 1 5 1 1 1 1 5 5 5 5 5
1 1 1 1 5 1 1 1 1 5 5 5 5 5
1 1 1 1 5 1 1 1 1 5 5 5 5 5
FRAPPIER, MARC
1 1 5 5 5 1 1 1 1 5 5 5 5 5
1 1 1 1 5 1 1 1 1 5 5 5 5 5
1 1 1 1 5 1 1 1 1 5 5 5 5 5
1 1 1 1 5 1 1 1 1 5 5 5 5 5
1 1 1 1 5 1 1 1 1 5 5 5 5 5
GIRARD, GABRIEL
1 1 5 5 5 1 1 1 1 5 5 5 5 5
1 1 1 1 5 1 1 1 1 5 5 5 5 5
1 1 1 1 5 1 1 1 1 5 5 5 5 5
1 1 1 1 5 1 1 1 1 5 5 5 5 5
1 1 1 1 5 1 1 1 1 5 5 5 5 5
GIROUX, SYLVAIN
1 1 5 5 5 1 1 1 1 5 5 5 5 5
1 1 1 1 5 1 1 1 1 5 5 5 5 5
1 1 1 1 5 1 1 1 1 5 5 5 5 5
1 1 1 1 5 1 1 1 1 5 5 5 5 5
1 1 1 1 5 1 1 1 1 5 5 5 5 5
GOULET, JEAN
1 1 1 1 5 1 1 1 1 5 5 5 5 5
1 1 5 5 5 5 5 5 5 5 5 5 5 5
5 5 5 5 5 5 5 5 5 5 5 5 5 5
1 1 1 1 5 5 5 5 5 5 5 5 5 5
1 1 1 1 5 5 5 5 5 5 5 5 5 5
GRH111-51
1 1 1 1 5 1 1 1 1 5 5 5 5 5
1 1 1 1 5 1 1 1 1 5 5 5 5 5
1 1 1 1 5 1 1 1 1 5 5 5 5 5
1 1 1 1 5 1 1 1 1 5 5 5 5 5
1 1 1 1 5 1 1 1 1 5 5 5 5 5
GRH221-51
1 1 1 1 5 1 1 1 1 5 5 5 5 5
1 1 1 1 5 1 1 1 1 5 5 5 5 5
1 1 1 1 5 1 1 1 1 5 5 5 5 5
1 1 1 1 5 1 1 1 1 5 5 5 5 5
1 1 1 1 5 1 1 1 1 5 5 5 5 5
HOUDEVILLE, GERARD
1 1 5 5 5 1 1 1 1 5 5 5 5 5
1 1 1 1 5 1 1 1 1 5 5 5 5 5
1 1 1 1 5 1 1 1 1 5 5 5 5 5
1 1 1 1 5 1 1 1 1 5 5 5 5 5
1 1 1 1 5 1 1 1 1 5 5 5 5 5
IFT159
1 1 1 1 5 1 1 1 1 5 5 5 5 5
1 1 1 1 5 1 1 1 1 5 5 5 5 5
1 1 1 1 5 1 1 1 1 5 5 5 5 5
1 1 1 1 5 1 1 1 1 5 5 5 5 5
1 1 1 1 5 1 1 1 1 5 5 5 5 5
IFT311
1 1 1 1 5 1 1 1 1 5 5 5 5 5
1 1 1 1 5 1 1 1 1 5 5 5 5 5
1 1 1 1 5 1 1 1 1 5 5 5 5 5
1 1 1 1 5 1 1 1 1 5 5 5 5 5
1 1 1 1 5 1 1 1 1 5 5 5 5 5
IFT319
1 1 1 1 5 1 1 1 1 5 5 5 5 5
1 1 1 1 5 1 1 1 1 5 5 5 5 5
1 1 1 1 5 1 1 1 1 5 5 5 5 5
1 1 1 1 5 1 1 1 1 5 5 5 5 5
1 1 1 1 5 1 1 1 1 5 5 5 5 5
IFT359
1 1 1 1 5 1 1 1 1 5 5 5 5 5
1 1 1 1 5 1 1 1 1 5 5 5 5 5
1 1 1 1 5 1 1 1 1 5 5 5 5 5
1 1 1 1 5 1 1 1 1 5 5 5 5 5
1 1 1 1 5 1 1 1 1 5 5 5 5 5
IFT379
1 1 1 1 5 1 1 1 1 5 5 5 5 5
1 1 1 1 5 1 1 1 1 5 5 5 5 5
1 1 1 1 5 1 1 1 1 5 5 5 5 5
1 1 1 1 5 1 1 1 1 5 5 5 5 5
1 1 1 1 5 1 1 1 1 5 5 5 5 5
IFT448
1 1 1 1 5 1 1 1 1 5 5 5 5 5
1 1 1 1 5 1 1 1 1 5 5 5 5 5
1 1 1 1 5 1 1 1 1 5 5 5 5 5
1 1 1 1 5 1 1 1 1 5 5 5 5 5
1 1 1 1 5 1 1 1 1 5 5 5 5 5
IFT514
1 1 1 1 5 1 1 1 1 5 5 5 5 5
1 1 1 1 5 1 1 1 1 5 5 5 5 5
1 1 1 1 5 1 1 1 1 5 5 5 5 5
1 1 1 1 5 1 1 1 1 5 5 5 5 5
1 1 1 1 5 1 1 1 1 5 5 5 5 5
IFT524
1 1 1 1 5 1 1 1 1 5 5 5 5 5
1 1 1 1 5 1 1 1 1 5 5 5 5 5
1 1 1 1 5 1 1 1 1 5 5 5 5 5
1 1 1 1 5 1 1 1 1 5 5 5 5 5
1 1 1 1 5 1 1 1 1 5 5 5 5 5
IFT578
1 1 1 1 5 1 1 1 1 5 5 5 5 5
1 1 1 1 5 1 1 1 1 5 5 5 5 5
1 1 1 1 5 1 1 1 1 5 5 5 5 5
1 1 1 1 5 1 1 1 1 5 5 5 5 5
1 1 1 1 5 1 1 1 1 5 5 5 5 5
IFT648
1 1 1 1 5 1 1 1 1 5 5 5 5 5
1 1 1 1 5 1 1 1 1 5 5 5 5 5
1 1 1 1 5 1 1 1 1 5 5 5 5 5
1 1 1 1 5 1 1 1 1 5 5 5 5 5
1 1 1 1 5 1 1 1 1 5 5 5 5 5
KACZYNSKI, TOMASZ
1 1 5 5 5 1 1 1 1 5 5 5 5 5
1 1 1 1 5 1 1 1 1 5 5 5 5 5
1 1 1 1 5 1 1 1 1 5 5 5 5 5
1 1 1 1 5 1 1 1 1 5 5 5 5 5
1 1 1 5 5 1 5 5 1 5 5 5 5 5
LAVOIE, LUC
1 1 5 5 5 1 1 1 1 5 5 5 5 5
1 1 1 1 5 1 1 1 1 5 5 5 5 5
1 1 1 1 5 1 1 1 1 5 5 5 5 5
1 1 1 1 5 1 1 1 1 5 5 5 5 5
1 1 1 1 5 1 1 1 1 5 5 5 5 5
MAR221-51
1 1 1 1 5 1 1 1 1 5 5 5 5 5
1 1 1 1 5 1 1 1 1 5 5 5 5 5
1 1 1 1 5 1 1 1 1 5 5 5 5 5
1 1 1 1 5 1 1 1 1 5 5 5 5 5
1 1 1 1 5 1 1 1 1 5 5 5 5 5
MAT113
1 1 1 1 5 1 1 1 1 5 5 5 5 5
1 1 1 1 5 1 1 1 1 5 5 5 5 5
1 1 1 1 5 1 1 1 1 5 5 5 5 5
1 1 1 1 5 1 1 1 1 5 5 5 5 5
1 1 1 1 5 1 1 1 1 5 5 5 5 5
MAT182
1 1 1 1 5 1 1 1 1 5 5 5 5 5
1 1 1 1 5 1 1 1 1 5 5 5 5 5
1 1 1 1 5 1 1 1 1 5 5 5 5 5
1 1 1 1 5 1 1 1 1 5 5 5 5 5
1 1 1 1 5 1 1 1 1 5 5 5 5 5
MAT221
1 1 1 1 5 1 1 1 1 5 5 5 5 5
1 1 1 1 5 1 1 1 1 5 5 5 5 5
1 1 1 1 5 1 1 1 1 5 5 5 5 5
1 1 1 1 5 1 1 1 1 5 5 5 5 5
1 1 1 1 5 1 1 1 1 5 5 5 5 5
MAT228
1 1 1 1 5 1 1 1 1 5 5 5 5 5
1 1 1 1 5 1 1 1 1 5 5 5 5 5
1 1 1 1 5 1 1 1 1 5 5 5 5 5
1 1 1 1 5 1 1 1 1 5 5 5 5 5
1 1 1 1 5 1 1 1 1 5 5 5 5 5
MAT235
1 1 1 1 5 1 1 1 1 5 5 5 5 5
1 1 1 1 5 1 1 1 1 5 5 5 5 5
1 1 1 1 5 1 1 1 1 5 5 5 5 5
1 1 1 1 5 1 1 1 1 5 5 5 5 5
1 1 1 1 5 1 1 1 1 5 5 5 5 5
MAT253
1 1 1 1 5 1 1 1 1 5 5 5 5 5
1 1 1 1 5 1 1 1 1 5 5 5 5 5
1 1 1 1 5 1 1 1 1 5 5 5 5 5
1 1 1 1 5 1 1 1 1 5 5 5 5 5
1 1 1 1 5 1 1 1 1 5 5 5 5 5
MAT456
1 1 1 1 5 1 1 1 1 5 5 5 5 5
1 1 1 1 5 1 1 1 1 5 5 5 5 5
1 1 1 1 5 1 1 1 1 5 5 5 5 5
1 1 1 1 5 1 1 1 1 5 5 5 5 5
1 1 1 1 5 1 1 1 1 5 5 5 5 5
MAT504
1 1 1 1 5 1 1 1 1 5 5 5 5 5
1 1 1 1 5 1 1 1 1 5 5 5 5 5
1 1 1 1 5 1 1 1 1 5 5 5 5 5
1 1 1 1 5 1 1 1 1 5 5 5 5 5
1 1 1 1 5 1 1 1 1 5 5 5 5 5
MONGA, ERNEST
1 1 5 5 5 1 1 1 1 5 5 5 5 5
1 1 1 1 5 1 1 1 1 5 5 5 5 5
1 1 1 1 5 1 1 1 1 5 5 5 5 5
1 1 1 1 5 1 1 1 1 5 5 5 5 5
1 1 1 5 5 1 1 1 1 5 5 5 5 5
MORALES, PEDRO
1 1 5 5 5 1 1 1 1 5 5 5 5 5
1 1 1 1 5 1 1 1 1 5 5 5 5 5
1 1 1 1 5 1 1 1 1 5 5 5 5 5
1 1 1 1 5 1 1 1 1 5 5 5 5 5
1 1 1 5 5 1 1 1 1 5 5 5 5 5
PIGOT, HELENE
1 1 5 5 5 1 1 1 1 5 5 5 5 5
1 1 1 1 5 1 1 1 1 5 5 5 5 5
1 1 1 1 5 1 1 1 1 5 5 5 5 5
1 1 1 1 5 1 1 1 1 5 5 5 5 5
1 1 1 1 5 1 1 1 1 5 5 5 5 5
ROP317
1 1 1 1 5 1 1 1 1 5 5 5 5 5
1 1 1 1 5 1 1 1 1 5 5 5 5 5
1 1 1 1 5 1 1 1 1 5 5 5 5 5
1 1 1 1 5 1 1 1 1 5 5 5 5 5
1 1 1 1 5 1 1 1 1 5 5 5 5 5
WANG, SHENGRUI
1 1 5 5 5 1 1 1 1 5 5 5 5 5
1 1 1 1 5 1 1 1 1 5 5 5 5 5
1 1 1 1 5 1 1 1 1 5 5 5 5 5
1 1 1 1 5 1 1 1 1 5 5 5 5 5
1 1 1 1 5 1 1 1 1 5 5 5 5 5
ZEROUAL, KACEM
1 1 5 5 5 1 1 1 1 5 5 5 5 5
1 1 1 1 5 1 1 1 1 5 5 5 5 5
1 1 1 1 5 1 1 1 1 5 5 5 5 5
1 1 1 1 5 1 1 1 1 5 5 5 5 5
1 1 1 1 5 1 1 1 1 5 5 5 5 5
