     90
ADM111-52
1 1 1 1 5 1 1 1 1 5 5 5 5 5
1 1 1 1 5 1 1 1 1 5 5 5 5 5
1 1 1 1 5 1 1 1 1 5 5 5 5 5
1 1 1 1 5 1 1 1 1 5 5 5 5 5
1 1 1 1 5 1 1 1 1 5 5 5 5 5
ARCHAMBAULT,C.
1 1 1 1 5 1 1 1 1 5 5 5 5 5
1 1 1 1 5 1 1 1 1 5 5 5 5 5
1 1 1 1 5 1 1 1 1 5 5 5 5 5
1 1 1 1 5 1 1 1 1 5 5 5 5 5
1 1 1 1 5 1 1 1 1 5 5 5 5 5
ASL105
1 1 1 1 1 1 1 1 1 1 5 5 5 5
1 1 1 1 1 1 1 1 1 1 5 5 5 5
1 1 1 1 1 1 1 1 1 1 5 5 5 5
1 1 1 1 1 1 1 1 1 1 5 5 5 5
1 1 1 1 1 1 1 1 1 1 5 5 5 5
AUBE,A
1 1 1 1 5 1 1 1 1 1 5 5 5 5
1 1 1 1 5 1 1 1 1 1 5 5 5 5
1 1 1 1 5 1 1 1 1 1 5 5 5 5
1 1 1 1 5 1 1 1 1 1 5 5 5 5
1 1 1 1 5 1 1 1 1 1 5 5 5 5
BARRETTE,R.
1 1 1 5 5 1 1 1 1 1 5 5 5 5
1 1 1 5 5 1 1 1 1 1 5 5 5 5
1 1 1 5 5 1 1 1 1 1 5 5 5 5
1 1 1 5 5 1 1 1 1 1 5 5 5 5
5 5 5 5 5 1 1 1 1 1 5 5 5 5
BELISLE,M.
1 1 1 5 5 1 1 1 5 5 5 5 5 5
1 1 1 5 5 1 1 1 5 5 5 5 5 5
1 1 1 5 5 1 1 1 5 5 5 5 5 5
1 1 1 5 5 1 1 1 5 5 5 5 5 5
5 5 5 5 5 1 1 1 5 5 5 5 5 5
BELISLE,M./GAUTHIER,P.
1 1 1 5 5 1 1 1 1 5 5 5 5 5
1 1 1 5 5 1 1 1 1 5 5 5 5 5
1 1 1 5 5 1 1 1 1 5 5 5 5 5
1 1 1 5 5 1 1 1 1 5 5 5 5 5
5 5 5 5 5 1 1 1 1 5 5 5 5 5
BEN-LAMINE,K
1 1 1 1 5 1 1 1 1 5 5 5 5 5
1 1 1 1 5 1 1 1 1 5 5 5 5 5
1 1 1 1 5 1 1 1 1 5 5 5 5 5
1 1 1 1 5 1 1 1 1 5 5 5 5 5
1 1 1 1 5 1 1 1 1 5 5 5 5 5
BIDON EPS138
1 1 1 1 5 1 1 1 1 5 5 5 5 5
1 1 1 1 5 1 1 1 1 5 5 5 5 5
1 1 1 1 5 1 1 1 1 5 5 5 5 5
1 1 1 1 5 1 1 1 1 5 5 5 5 5
1 1 1 1 5 1 1 1 1 5 5 5 5 5
BIDON KIN102
1 1 1 1 5 1 1 1 1 5 5 5 5 5
1 1 1 1 5 1 1 1 1 5 5 5 5 5
1 1 1 1 5 1 1 1 1 5 5 5 5 5
1 1 1 1 5 1 1 1 1 5 5 5 5 5
1 1 1 1 5 1 1 1 1 5 5 5 5 5
BILODEAU,N.
1 1 1 1 1 1 1 1 1 1 5 5 5 5
1 1 1 1 1 1 1 1 1 1 5 5 5 5
1 1 1 1 1 1 1 1 1 1 5 5 5 5
1 1 1 1 1 1 1 1 1 1 5 5 5 5
1 1 1 1 1 1 1 1 1 1 5 5 5 5
BOUCHARD-BOULIANE,F
1 1 1 1 5 1 1 1 1 5 5 5 5 5
1 1 1 1 5 1 1 1 1 5 5 5 5 5
1 1 1 1 5 1 1 1 1 5 5 5 5 5
1 1 1 1 5 1 1 1 1 5 5 5 5 5
1 1 1 1 5 1 1 1 1 5 5 5 5 5
BRUNELLE,J.-P.
1 1 1 5 5 1 1 1 1 5 5 5 5 5
1 1 1 5 5 1 1 1 1 5 5 5 5 5
1 1 1 5 5 1 1 1 1 5 5 5 5 5
1 1 1 5 5 1 1 1 1 5 5 5 5 5
5 5 5 5 5 1 1 1 1 5 5 5 5 5
CASAULT,M.-A./FOUROT,J.
5 5 5 5 5 5 5 5 5 5 5 5 5 5
5 5 5 5 5 5 5 5 5 1 1 1 1 5
5 5 5 5 5 5 5 5 5 1 1 1 1 5
5 5 5 5 5 5 5 5 5 5 5 5 5 5
5 5 5 5 5 5 5 5 5 5 5 5 5 5
CTB113
1 1 1 1 5 1 1 1 1 5 5 5 5 5
1 1 1 1 5 1 1 1 1 5 5 5 5 5
1 1 1 1 5 1 1 1 1 5 5 5 5 5
1 1 1 1 5 1 1 1 1 5 5 5 5 5
1 1 1 1 5 1 1 1 1 5 5 5 5 5
CUERRIER,J.-P.
1 1 1 5 5 1 1 1 1 5 5 5 5 5
1 1 1 5 5 1 1 1 1 5 5 5 5 5
1 1 1 5 5 1 1 1 1 5 5 5 5 5
1 1 1 5 5 1 1 1 1 5 5 5 5 5
5 5 5 5 5 1 1 1 1 5 5 5 5 5
CUERRIER,J.-P./GAGNON,D.
1 1 1 5 5 1 1 1 1 5 5 5 5 5
1 1 1 5 5 1 1 1 1 5 5 5 5 5
1 1 1 5 5 1 1 1 1 5 5 5 5 5
1 1 1 5 5 1 1 1 1 5 5 5 5 5
5 5 5 5 5 1 1 1 1 5 5 5 5 5
CUERRIER,J.-P./LE BLANC,H.
1 1 1 1 5 1 1 1 1 5 5 5 5 5
1 1 1 1 5 1 1 1 1 5 5 5 5 5
1 1 1 1 5 1 1 1 1 5 5 5 5 5
1 1 1 1 5 1 1 1 1 5 5 5 5 5
1 1 1 1 5 1 1 1 1 5 5 5 5 5
DAVOH,J
1 1 1 1 5 1 1 1 1 5 5 5 5 5
1 1 1 1 5 1 1 1 1 5 5 5 5 5
1 1 1 1 5 1 1 1 1 5 5 5 5 5
1 1 1 1 5 1 1 1 1 5 5 5 5 5
1 1 1 1 5 1 1 1 1 5 5 5 5 5
DESBIENS,J.-F.
1 1 1 5 5 1 1 1 1 5 5 5 5 5
1 1 1 5 5 1 1 1 1 5 5 5 5 5
1 1 1 5 5 1 1 1 1 5 5 5 5 5
1 1 1 5 5 1 1 1 1 5 5 5 5 5
5 5 5 5 5 1 1 1 1 5 5 5 5 5
DESHAIES,P.
1 1 1 5 5 1 1 1 1 5 5 5 5 5
1 1 1 5 5 1 1 1 1 5 5 5 5 5
1 1 1 5 5 1 1 1 1 5 5 5 5 5
1 1 1 5 5 1 1 1 1 5 5 5 5 5
5 5 5 5 5 1 1 1 1 5 5 5 5 5
DOYER,D.
1 1 1 5 5 1 1 1 1 5 5 5 5 5
1 1 1 5 5 1 1 1 1 5 5 5 5 5
1 1 1 5 5 1 1 1 1 5 5 5 5 5
1 1 1 5 5 1 1 1 1 5 5 5 5 5
5 5 5 5 5 1 1 1 1 5 5 5 5 5
DUBOIS,J
1 1 5 5 5 1 1 1 1 5 5 5 5 5
1 1 1 1 5 1 1 1 1 5 5 5 5 5
1 1 1 1 5 1 1 1 1 5 5 5 5 5
1 1 1 1 5 1 1 1 1 5 5 5 5 5
1 1 1 5 5 1 1 1 1 5 5 5 5 5
DUFRESNE,N./PAGE,B.
1 1 1 5 5 1 1 1 5 5 5 5 5 5
1 1 1 5 5 1 1 1 5 5 5 5 5 5
1 1 1 5 5 1 1 1 5 5 5 5 5 5
1 1 1 5 5 1 1 1 5 5 5 5 5 5
5 5 5 5 5 1 1 1 5 5 5 5 5 5
DUPERRE,L.
1 1 1 1 1 1 1 1 1 1 5 5 5 5
1 1 1 1 1 1 1 1 1 1 5 5 5 5
1 1 1 1 1 1 1 1 1 1 5 5 5 5
1 1 1 1 1 1 1 1 1 1 5 5 5 5
1 1 1 1 1 1 1 1 1 1 5 5 5 5
DUQUETTE,J.-Y.
1 1 1 1 1 1 1 1 1 1 5 5 5 5
1 1 1 1 1 1 1 1 1 1 5 5 5 5
1 1 1 1 1 1 1 1 1 1 5 5 5 5
1 1 1 1 1 1 1 1 1 1 5 5 5 5
1 1 1 1 1 1 1 1 1 1 5 5 5 5
DUSSAULT,JP
1 1 5 5 5 1 1 1 1 5 5 5 5 5
1 1 5 5 5 1 1 1 1 5 5 5 5 5
1 1 1 1 5 1 1 1 1 5 5 5 5 5
1 1 1 1 5 1 1 1 1 5 5 5 5 5
1 1 1 1 5 1 1 1 1 5 5 5 5 5
EGLI,R
1 1 5 5 5 1 1 1 1 5 5 5 5 5
1 1 1 1 5 1 1 1 1 5 5 5 5 5
1 1 1 1 5 1 1 1 1 5 5 5 5 5
1 1 1 1 5 1 1 1 1 5 5 5 5 5
1 1 1 1 5 1 1 1 1 5 5 5 5 5
EL AFIA,A
1 1 1 1 5 1 1 1 1 5 5 5 5 5
1 1 1 1 5 1 1 1 1 5 5 5 5 5
1 1 1 1 5 1 1 1 1 5 5 5 5 5
1 1 1 1 5 1 1 1 1 5 5 5 5 5
1 1 1 1 5 1 1 1 1 5 5 5 5 5
EL HADEF,M
1 1 1 1 5 1 1 1 1 1 1 1 1 1
1 1 1 1 5 1 1 1 1 1 1 1 1 1
1 1 1 1 5 1 1 1 1 1 1 1 1 1
1 1 1 1 5 1 1 1 1 1 1 1 1 1
1 1 1 1 5 1 1 1 1 1 1 1 1 1
ELLYSON,J.-J.
1 1 1 1 1 1 1 1 1 1 5 5 5 5
1 1 1 1 1 1 1 1 1 1 5 5 5 5
1 1 1 1 1 1 1 1 1 1 5 5 5 5
1 1 1 1 1 1 1 1 1 1 5 5 5 5
1 1 1 1 1 1 1 1 1 1 5 5 5 5
EPS201 LAB
1 1 1 1 5 1 1 1 1 5 5 5 5 5
1 1 1 1 5 1 1 1 1 5 5 5 5 5
1 1 1 1 5 1 1 1 1 5 5 5 5 5
1 1 1 1 5 1 1 1 1 5 5 5 5 5
1 1 1 1 5 1 1 1 1 5 5 5 5 5
EPS201LAB
1 1 1 1 1 1 1 1 1 1 5 5 5 5
1 1 1 1 1 1 1 1 1 1 5 5 5 5
1 1 1 1 1 1 1 1 1 1 5 5 5 5
1 1 1 1 1 1 1 1 1 1 5 5 5 5
1 1 1 1 1 1 1 1 1 1 5 5 5 5
EPS210
1 1 1 1 1 1 1 1 1 1 5 5 5 5
1 1 1 1 1 1 1 1 1 1 5 5 5 5
1 1 1 1 1 1 1 1 1 1 5 5 5 5
1 1 1 1 1 1 1 1 1 1 5 5 5 5
1 1 1 1 1 1 1 1 1 1 5 5 5 5
FARRAR,D./JOLIN,L.
1 1 1 1 1 1 1 1 1 1 5 5 5 5
1 1 1 1 1 1 1 1 1 1 5 5 5 5
1 1 1 1 1 1 1 1 1 1 5 5 5 5
1 1 1 1 1 1 1 1 1 1 5 5 5 5
1 1 1 1 1 1 1 1 1 1 5 5 5 5
FEC222
1 1 1 1 5 1 1 1 1 5 5 5 5 5
1 1 1 1 5 1 1 1 1 5 5 5 5 5
1 1 1 1 5 1 1 1 1 5 5 5 5 5
1 1 1 1 5 1 1 1 1 5 5 5 5 5
1 1 1 1 5 1 1 1 1 5 5 5 5 5
FEC401
1 1 1 1 5 1 1 1 1 5 5 5 5 5
1 1 1 1 5 1 1 1 1 5 5 5 5 5
1 1 1 1 5 1 1 1 1 5 5 5 5 5
1 1 1 1 5 1 1 1 1 5 5 5 5 5
1 1 1 1 5 1 1 1 1 5 5 5 5 5
FORTIN,P.
1 1 1 1 1 1 1 1 1 1 5 5 5 5
1 1 1 1 1 1 1 1 1 1 5 5 5 5
1 1 1 1 1 1 1 1 1 1 5 5 5 5
1 1 1 1 1 1 1 1 1 1 5 5 5 5
1 1 1 1 1 1 1 1 1 1 5 5 5 5
GAGNON,D.
1 1 1 1 5 1 1 1 1 5 5 5 5 5
1 1 1 1 5 1 1 1 1 5 5 5 5 5
1 1 1 1 5 1 1 1 1 5 5 5 5 5
1 1 1 1 5 1 1 1 1 5 5 5 5 5
5 5 5 5 5 5 5 5 5 5 5 5 5 5
GAGNON,R
1 1 5 5 5 1 1 1 1 5 5 5 5 5
1 1 1 1 5 1 1 1 1 5 5 5 5 5
1 1 1 1 5 1 1 1 1 5 5 5 5 5
1 1 1 1 5 1 1 1 1 5 5 5 5 5
1 1 1 1 5 1 1 1 1 5 5 5 5 5
GAUTHIER,AM
1 1 1 1 5 1 1 1 1 5 5 5 5 5
1 1 1 1 5 1 1 1 1 5 5 5 5 5
1 1 1 1 5 1 1 1 1 5 5 5 5 5
1 1 1 1 5 1 1 1 1 5 5 5 5 5
1 1 1 1 5 1 1 1 1 5 5 5 5 5
GAUTHIER,P.
1 1 1 5 5 1 1 1 1 5 5 5 5 5
1 1 1 5 5 1 1 1 1 5 5 5 5 5
1 1 1 5 5 1 1 1 1 5 5 5 5 5
1 1 1 5 5 1 1 1 1 5 5 5 5 5
5 5 5 5 5 1 1 1 1 5 5 5 5 5
GAUTHIER,P./LOISEAU,S.
1 1 1 5 5 1 1 1 1 5 5 5 5 5
1 1 1 5 5 1 1 1 1 5 5 5 5 5
1 1 1 5 5 1 1 1 1 5 5 5 5 5
1 1 1 5 5 1 1 1 1 5 5 5 5 5
5 5 5 5 5 1 1 1 1 5 5 5 5 5
HAMDACHE,A
1 1 1 1 5 1 1 1 1 1 1 1 1 1
1 1 1 1 5 1 1 1 1 1 1 1 1 1
1 1 1 1 5 1 1 1 1 1 1 1 1 1
1 1 1 1 5 1 1 1 1 1 1 1 1 1
1 1 1 1 5 1 1 1 1 1 1 1 1 1
IFT619
1 1 1 1 5 1 1 1 1 5 5 5 5 5
1 1 1 1 5 1 1 1 1 5 5 5 5 5
1 1 1 1 5 1 1 1 1 5 5 5 5 5
1 1 1 1 5 1 1 1 1 5 5 5 5 5
1 1 1 1 5 1 1 1 1 5 5 5 5 5
IFT658
1 1 1 1 5 1 1 1 1 5 5 5 5 5
1 1 1 1 5 1 1 1 1 5 5 5 5 5
1 1 1 1 5 1 1 1 1 5 5 5 5 5
1 1 1 1 5 1 1 1 1 5 5 5 5 5
1 1 1 1 5 1 1 1 1 5 5 5 5 5
INS144-51
1 1 1 1 5 1 1 1 1 5 5 5 5 5
1 1 1 1 5 1 1 1 1 5 5 5 5 5
1 1 1 1 5 1 1 1 1 5 5 5 5 5
1 1 1 1 5 1 1 1 1 5 5 5 5 5
1 1 1 1 5 1 1 1 1 5 5 5 5 5
JACQUES,D./ST-ARNAUD,L.
1 1 1 1 1 1 1 1 1 1 5 5 5 5
1 1 1 1 1 1 1 1 1 1 5 5 5 5
1 1 1 1 1 1 1 1 1 1 5 5 5 5
1 1 1 1 1 1 1 1 1 1 5 5 5 5
1 1 1 1 1 1 1 1 1 1 5 5 5 5
KIN140
1 1 1 1 1 1 1 1 1 1 5 5 5 5
1 1 1 1 1 1 1 1 1 1 5 5 5 5
1 1 1 1 1 1 1 1 1 1 5 5 5 5
1 1 1 1 1 1 1 1 1 1 5 5 5 5
1 1 1 1 1 1 1 1 1 1 5 5 5 5
KIN234/BIDONSTAGECOOP
1 1 1 1 1 1 1 1 1 1 5 5 5 5
1 1 1 1 1 1 1 1 1 1 5 5 5 5
1 1 1 1 1 1 1 1 1 1 5 5 5 5
1 1 1 1 1 1 1 1 1 1 5 5 5 5
1 1 1 1 1 1 1 1 1 1 5 5 5 5
L'MOUDDEN,A
1 1 1 1 5 1 1 1 1 5 5 5 5 5
1 1 1 1 5 1 1 1 1 5 5 5 5 5
1 1 1 1 5 1 1 1 1 5 5 5 5 5
1 1 1 1 5 1 1 1 1 5 5 5 5 5
1 1 1 1 5 1 1 1 1 5 5 5 5 5
LACELLE,S
1 1 1 1 5 1 1 1 1 5 5 5 5 5
1 1 1 1 5 1 1 1 1 5 5 5 5 5
1 1 1 1 5 1 1 1 1 5 5 5 5 5
1 1 1 1 5 1 1 1 1 5 5 5 5 5
1 1 1 1 5 1 1 1 1 5 5 5 5 5
LAPIERRE,S.
1 1 1 1 1 1 1 1 1 1 5 5 5 5
1 1 1 1 1 1 1 1 1 1 5 5 5 5
1 1 1 1 1 1 1 1 1 1 5 5 5 5
1 1 1 1 1 1 1 1 1 1 5 5 5 5
1 1 1 1 1 1 1 1 1 1 5 5 5 5
LAROCHE,J.
1 1 1 1 1 1 1 1 1 1 5 5 5 5
1 1 1 1 1 1 1 1 1 1 5 5 5 5
1 1 1 1 1 1 1 1 1 1 5 5 5 5
1 1 1 1 1 1 1 1 1 1 5 5 5 5
1 1 1 1 1 1 1 1 1 1 5 5 5 5
LEMIEUX,G.-B.
1 1 1 5 5 1 1 1 1 5 5 5 5 5
1 1 1 5 5 1 1 1 1 5 5 5 5 5
1 1 1 5 5 1 1 1 1 5 5 5 5 5
1 1 1 5 5 1 1 1 1 5 5 5 5 5
5 5 5 5 5 1 1 1 1 5 5 5 5 5
LEVASSEUR,M.-A.
1 1 1 1 1 1 1 1 1 1 5 5 5 5
1 1 1 1 1 1 1 1 1 1 5 5 5 5
1 1 1 1 1 1 1 1 1 1 5 5 5 5
1 1 1 1 1 1 1 1 1 1 5 5 5 5
1 1 1 1 1 1 1 1 1 1 5 5 5 5
LOISEAU,S.
1 1 1 1 1 1 1 1 1 1 5 5 5 5
1 1 1 1 1 1 1 1 1 1 5 5 5 5
1 1 1 1 1 1 1 1 1 1 5 5 5 5
1 1 1 1 1 1 1 1 1 1 5 5 5 5
1 1 1 1 1 1 1 1 1 1 5 5 5 5
MAILLETTE,H.
1 1 1 1 1 1 1 1 1 1 5 5 5 5
1 1 1 1 1 1 1 1 1 1 5 5 5 5
1 1 1 1 1 1 1 1 1 1 5 5 5 5
1 1 1 1 1 1 1 1 1 1 5 5 5 5
1 1 1 1 1 1 1 1 1 1 5 5 5 5
MARTIN,A./SHANNON,N.
1 1 1 1 1 1 1 1 1 1 5 5 5 5
1 1 1 1 1 1 1 1 1 1 5 5 5 5
1 1 1 1 1 1 1 1 1 1 5 5 5 5
1 1 1 1 1 1 1 1 1 1 5 5 5 5
1 1 1 1 1 1 1 1 1 1 5 5 5 5
MAT133
1 1 1 1 5 1 1 1 1 5 5 5 5 5
1 1 1 1 5 1 1 1 1 5 5 5 5 5
1 1 1 1 5 1 1 1 1 5 5 5 5 5
1 1 1 1 5 1 1 1 1 5 5 5 5 5
1 1 1 1 5 1 1 1 1 5 5 5 5 5
MAT345
1 1 1 1 5 1 1 1 1 5 5 5 5 5
1 1 1 1 5 1 1 1 1 5 5 5 5 5
1 1 1 1 5 1 1 1 1 5 5 5 5 5
1 1 1 1 5 1 1 1 1 5 5 5 5 5
1 1 1 1 5 1 1 1 1 5 5 5 5 5
MAT356
1 1 1 1 5 1 1 1 1 5 5 5 5 5
1 1 1 1 5 1 1 1 1 5 5 5 5 5
1 1 1 1 5 1 1 1 1 5 5 5 5 5
1 1 1 1 5 1 1 1 1 5 5 5 5 5
1 1 1 1 5 1 1 1 1 5 5 5 5 5
MAT644
1 1 1 1 5 1 1 1 1 5 5 5 5 5
1 1 1 1 5 1 1 1 1 5 5 5 5 5
1 1 1 1 5 1 1 1 1 5 5 5 5 5
1 1 1 1 5 1 1 1 1 5 5 5 5 5
1 1 1 1 5 1 1 1 1 5 5 5 5 5
MAYERS,A
1 1 5 5 5 1 1 1 1 5 5 5 5 5
1 1 1 1 5 1 1 1 1 5 5 5 5 5
1 1 1 1 5 1 1 1 1 5 5 5 5 5
1 1 1 1 5 1 1 1 1 5 5 5 5 5
1 1 1 1 5 1 1 1 1 5 5 5 5 5
NADEAU,M.
1 1 1 5 5 1 1 1 1 5 5 5 5 5
1 1 1 5 5 1 1 1 1 5 5 5 5 5
1 1 1 5 5 1 1 1 1 5 5 5 5 5
1 1 1 5 5 1 1 1 1 5 5 5 5 5
5 5 5 5 5 1 1 1 1 5 5 5 5 5
PAGE,B.
1 1 1 5 5 1 1 1 1 5 5 5 5 5
1 1 1 5 5 1 1 1 1 5 5 5 5 5
1 1 1 5 5 1 1 1 1 5 5 5 5 5
1 1 1 5 5 1 1 1 1 5 5 5 5 5
5 5 5 5 5 1 1 1 1 5 5 5 5 5
PARADIS,L.-P.
1 1 1 1 5 1 1 1 1 5 5 5 5 5
1 1 1 1 5 1 1 1 1 5 5 5 5 5
1 1 1 1 5 1 1 1 1 5 5 5 5 5
1 1 1 1 5 1 1 1 1 5 5 5 5 5
1 1 1 1 5 1 1 1 1 5 5 5 5 5
PIRSCH,R
1 1 1 1 5 1 1 1 1 5 5 5 5 5
1 1 1 1 5 1 1 1 1 5 5 5 5 5
1 1 1 1 5 1 1 1 1 5 5 5 5 5
1 1 1 1 5 1 1 1 1 5 5 5 5 5
1 1 1 1 5 1 1 1 1 5 5 5 5 5
RICHARD,J.-F.
1 1 1 1 5 1 1 1 1 5 5 5 5 5
1 1 1 1 5 1 1 1 1 5 5 5 5 5
1 1 1 1 5 1 1 1 1 5 5 5 5 5
1 1 1 1 5 1 1 1 1 5 5 5 5 5
1 1 1 1 5 1 1 1 1 5 5 5 5 5
ROBERGE,JC
1 1 1 1 5 1 1 1 1 5 5 5 5 5
1 1 1 1 5 1 1 1 1 5 5 5 5 5
1 1 1 1 5 1 1 1 1 5 5 5 5 5
1 1 1 1 5 1 1 1 1 5 5 5 5 5
1 1 1 1 5 1 1 1 1 5 5 5 5 5
ROP641
1 1 1 1 5 1 1 1 1 5 5 5 5 5
1 1 1 1 5 1 1 1 1 5 5 5 5 5
1 1 1 1 5 1 1 1 1 5 5 5 5 5
1 1 1 1 5 1 1 1 1 5 5 5 5 5
1 1 1 1 5 1 1 1 1 5 5 5 5 5
ROY,M.
1 1 1 5 5 1 1 1 1 5 5 5 5 5
1 1 1 5 5 1 1 1 1 5 5 5 5 5
1 1 1 5 5 1 1 1 1 5 5 5 5 5
1 1 1 5 5 1 1 1 1 5 5 5 5 5
5 5 5 5 5 1 1 1 1 5 5 5 5 5
ROY,Y.
1 1 1 1 1 1 1 1 1 1 5 5 5 5
1 1 1 1 1 1 1 1 1 1 5 5 5 5
1 1 1 1 1 1 1 1 1 1 5 5 5 5
1 1 1 1 1 1 1 1 1 1 5 5 5 5
1 1 1 1 1 1 1 1 1 1 5 5 5 5
ROYER,D.
1 1 1 5 5 1 1 1 1 5 5 5 5 5
1 1 1 5 5 1 1 1 1 5 5 5 5 5
1 1 1 5 5 1 1 1 1 5 5 5 5 5
1 1 1 5 5 1 1 1 1 5 5 5 5 5
5 5 5 5 5 1 1 1 1 5 5 5 5 5
ROYER,D./THERRIEN,F.
1 1 1 1 5 1 1 1 1 5 5 5 5 5
1 1 1 1 5 1 1 1 1 5 5 5 5 5
1 1 1 1 5 1 1 1 1 5 5 5 5 5
1 1 1 1 5 1 1 1 1 5 5 5 5 5
1 1 1 1 5 1 1 1 1 5 5 5 5 5
SALIN-DE L'ETOILE,L-P
1 1 1 1 5 1 1 1 1 5 5 5 5 5
1 1 1 1 5 1 1 1 1 5 5 5 5 5
1 1 1 1 5 1 1 1 1 5 5 5 5 5
1 1 1 1 5 1 1 1 1 5 5 5 5 5
1 1 1 1 5 1 1 1 1 5 5 5 5 5
SAVAGE,S
1 1 1 1 5 1 1 1 1 1 5 5 5 5
1 1 1 1 5 1 1 1 1 1 5 5 5 5
1 1 1 1 5 1 1 1 1 1 5 5 5 5
1 1 1 1 5 1 1 1 1 1 5 5 5 5
1 1 1 1 5 1 1 1 1 1 5 5 5 5
SMITH,G.
1 1 1 1 1 1 1 1 1 1 5 5 5 5
1 1 1 1 1 1 1 1 1 1 5 5 5 5
1 1 1 1 1 1 1 1 1 1 5 5 5 5
1 1 1 1 1 1 1 1 1 1 5 5 5 5
1 1 1 1 1 1 1 1 1 1 5 5 5 5
SPALLANZANI,C.
1 1 1 5 5 1 1 1 1 5 5 5 5 5
1 1 1 5 5 1 1 1 1 5 5 5 5 5
1 1 1 5 5 1 1 1 1 5 5 5 5 5
1 1 1 5 5 1 1 1 1 5 5 5 5 5
5 5 5 5 5 1 1 1 1 5 5 5 5 5
SPALLANZANI,C./BILODEAU,N.
1 1 1 5 5 1 1 1 1 5 5 5 5 5
1 1 1 5 5 1 1 1 1 5 5 5 5 5
1 1 1 5 5 1 1 1 1 5 5 5 5 5
1 1 1 5 5 1 1 1 1 5 5 5 5 5
5 5 5 5 5 1 1 1 1 5 5 5 5 5
TETREAULT,L.
1 1 1 1 1 1 1 1 1 1 5 5 5 5
1 1 1 1 1 1 1 1 1 1 5 5 5 5
1 1 1 1 1 1 1 1 1 1 5 5 5 5
1 1 1 1 1 1 1 1 1 1 5 5 5 5
1 1 1 1 1 1 1 1 1 1 5 5 5 5
THERRIEN,F.
1 1 1 1 1 1 1 1 1 1 5 5 5 5
1 1 1 1 1 1 1 1 1 1 5 5 5 5
1 1 1 1 1 1 1 1 1 1 5 5 5 5
1 1 1 1 1 1 1 1 1 1 5 5 5 5
1 1 1 1 1 1 1 1 1 1 5 5 5 5
THERRIEN,R
1 1 1 1 5 1 1 1 1 1 1 1 1 1
1 1 1 1 5 1 1 1 1 1 1 1 1 1
1 1 1 1 5 1 1 1 1 1 1 1 1 1
1 1 1 1 5 1 1 1 1 1 1 1 1 1
1 1 1 1 5 1 1 1 1 1 1 1 1 1
TURCOTTE,S.
1 1 1 1 5 1 1 1 1 5 5 5 5 5
1 1 1 1 5 1 1 1 1 5 5 5 5 5
1 1 1 1 5 1 1 1 1 5 5 5 5 5
1 1 1 1 5 1 1 1 1 5 5 5 5 5
1 1 1 1 5 1 1 1 1 5 5 5 5 5
TUTORAL
1 1 1 1 1 1 1 1 1 1 5 5 5 5
1 1 1 1 1 1 1 1 1 1 5 5 5 5
1 1 1 1 1 1 1 1 1 1 5 5 5 5
1 1 1 1 1 1 1 1 1 1 5 5 5 5
1 1 1 1 1 1 1 1 1 1 5 5 5 5
TUTORAT
1 1 1 1 1 1 1 1 1 1 5 5 5 5
1 1 1 1 1 1 1 1 1 1 5 5 5 5
1 1 1 1 1 1 1 1 1 1 5 5 5 5
1 1 1 1 1 1 1 1 1 1 5 5 5 5
1 1 1 1 1 1 1 1 1 1 5 5 5 5
UWIMANA,A
1 1 1 1 5 1 1 1 1 5 1 1 1 1
1 1 1 1 5 1 1 1 1 5 1 1 1 1
1 1 1 1 5 1 1 1 1 5 1 1 1 1
1 1 1 1 5 1 1 1 1 5 1 1 1 1
1 1 1 1 5 1 1 1 1 5 1 1 1 1
VEILLEUX,L
1 1 1 1 5 1 1 1 1 5 5 5 5 5
5 5 5 5 5 5 5 5 5 5 5 5 5 5
5 5 5 5 5 5 5 5 5 5 5 5 5 5
5 5 5 5 5 5 5 5 5 5 5 5 5 5
5 5 5 5 5 5 5 5 5 5 5 5 5 5
VINCENT,P.
1 1 1 1 1 1 1 1 1 1 5 5 5 5
1 1 1 1 1 1 1 1 1 1 5 5 5 5
1 1 1 1 1 1 1 1 1 1 5 5 5 5
1 1 1 1 1 1 1 1 1 1 5 5 5 5
1 1 1 1 1 1 1 1 1 1 5 5 5 5
VIRGILIO,M
1 1 1 1 5 1 1 1 1 5 5 5 5 5
1 1 1 1 5 1 1 1 1 5 5 5 5 5
1 1 1 1 5 1 1 1 1 5 5 5 5 5
1 1 1 1 5 1 1 1 1 5 5 5 5 5
1 1 1 1 5 1 1 1 1 5 5 5 5 5
